image: /home/kkraman/karto_house_map.pgm
resolution: 0.050000
origin: [-7.473756, -5.236419, 0.000000]
negate: 0
occupied_thresh: 0.65
free_thresh: 0.196

